51 120 10 4
37 46 47 49 50 40 39 45 38 48
50 47 39 37 
1 2 10
1 11 9
2 3 7
2 12 9
3 4 6
3 13 6
4 5 6
4 14 7
5 6 9
5 15 5
6 7 10
6 16 9
7 8 10
7 17 8
8 9 8
8 18 10
9 10 9
9 19 10
11 12 9
11 21 8
12 13 8
12 22 10
13 14 5
13 23 10
14 15 8
14 24 10
15 16 10
15 25 5
16 17 7
16 26 7
17 18 9
17 27 8
18 19 6
18 28 5
19 20 5
19 29 5
21 22 5
21 31 7
22 23 10
22 32 5
23 24 5
23 33 9
24 25 5
24 34 6
25 26 5
25 35 6
26 27 8
26 36 7
27 28 7
27 37 9
28 29 10
28 38 9
29 30 6
29 39 10
31 32 7
31 41 6
32 33 9
32 42 5
33 34 8
33 43 6
34 35 6
34 44 7
35 36 7
35 45 6
36 37 9
36 46 8
37 38 8
37 47 6
38 39 6
38 48 5
39 40 8
39 49 5
41 42 7
42 43 6
43 44 6
44 45 6
45 46 9
46 47 6
47 48 8
48 49 6
49 50 6
10 20 8
20 30 7
30 40 8
40 50 8
14 25 10
25 34 8
34 45 9
45 36 7
36 27 9
3 14 7
2 11 7
11 22 8
22 33 9
33 41 7
31 42 6
42 21 5
27 38 10
38 29 5
29 40 6
40 19 6
19 28 6
17 28 6
28 26 9
15 26 8
26 35 7
13 2 10
7 16 6
16 18 6
18 9 5
9 30 7
39 50 9
50 48 7
39 48 5
0 1 6
0 2 6
0 3 8
0 11 10
0 21 9
44 46 5